2311
[
  [ 210, 498, 231, 89 ],
  [ 318, 231, 616, 210 ],
  [ 924, 616, 300, 318 ],
  [ 89, 300, 498, 924 ],
  [ 300, 89, 924, 498 ],
  [ 616, 924, 318, 300 ],
  [ 231, 318, 210, 616 ],
  [ 498, 210, 89, 231 ]
]
[
  3, 3, 3, 3,
  3, 3, 3, 3
]

1951
[
  [ 710, 841, 564, 498 ],
  [ 587, 564, 318, 710 ],
  [ 177, 318, 397, 587 ],
  [ 498, 397, 841, 177 ],
  [ 397, 498, 177, 841 ],
  [ 318, 177, 587, 397 ],
  [ 564, 587, 710, 318 ],
  [ 841, 710, 498, 564 ]
]
[
  2, 2, 2, 2,
  2, 2, 2, 2
]

1171
[
  [ 966, 902, 24, 288 ],
  [ 391, 24, 18, 966 ],
  [ 96, 18, 399, 391 ],
  [ 288, 399, 902, 96 ],
  [ 399, 288, 96, 902 ],
  [ 18, 96, 391, 399 ],
  [ 24, 391, 966, 18 ],
  [ 902, 966, 288, 24 ]
]
[
  2, 2, 2, 2,
  2, 2, 2, 2
]

1427
[
  [ 948, 576, 210, 234 ],
  [ 9, 210, 348, 948 ],
  [ 300, 348, 183, 9 ],
  [ 234, 183, 576, 300 ],
  [ 183, 234, 300, 576 ],
  [ 348, 300, 9, 183 ],
  [ 210, 9, 948, 348 ],
  [ 576, 948, 234, 210 ]
]
[
  4, 4, 4, 4,
  4, 4, 4, 4
]

1489
[
  [ 848, 565, 948, 18 ],
  [ 689, 948, 288, 848 ],
  [ 183, 288, 43, 689 ],
  [ 18, 43, 565, 183 ],
  [ 43, 18, 183, 565 ],
  [ 288, 183, 689, 43 ],
  [ 948, 689, 848, 288 ],
  [ 565, 848, 18, 948 ]
]
[
  3, 3, 3, 3,
  3, 3, 3, 3
]

2473
[
  [ 542, 966, 234, 116 ],
  [ 399, 234, 184, 542 ],
  [ 348, 184, 481, 399 ],
  [ 116, 481, 966, 348 ],
  [ 481, 116, 348, 966 ],
  [ 184, 348, 399, 481 ],
  [ 234, 399, 542, 184 ],
  [ 966, 542, 116, 234 ]
]
[
  3, 3, 3, 3,
  3, 3, 3, 3
]

2971
[
  [ 161, 456, 85, 565 ],
  [ 78, 85, 689, 161 ],
  [ 680, 689, 532, 78 ],
  [ 565, 532, 456, 680 ],
  [ 532, 565, 680, 456 ],
  [ 689, 680, 78, 532 ],
  [ 85, 78, 161, 689 ],
  [ 456, 161, 565, 85 ]
]
[
  2, 2, 2, 2,
  2, 2, 2, 2
]

2729
[
  [ 85, 271, 710, 576 ],
  [ 962, 710, 9, 85 ],
  [ 397, 9, 680, 962 ],
  [ 576, 680, 271, 397 ],
  [ 680, 576, 397, 271 ],
  [ 9, 397, 962, 680 ],
  [ 710, 962, 85, 9 ],
  [ 271, 85, 576, 710 ]
]
[
  3, 3, 3, 3,
  3, 3, 3, 3
]

3079
[
  [ 702, 616, 184, 264 ],
  [ 89, 184, 66, 702 ],
  [ 116, 66, 501, 89 ],
  [ 264, 501, 616, 116 ],
  [ 501, 264, 116, 616 ],
  [ 66, 116, 89, 501 ],
  [ 184, 89, 702, 66 ],
  [ 616, 702, 264, 184 ]
]
[
  2, 2, 2, 2,
  2, 2, 2, 2
]
